% -------------------------------------------------------------------
%  Generated by MATLAB on 21-Sep-2016 16:46:08
%  MATLAB version: 8.5.0.197613 (R2015a)
% -------------------------------------------------------------------
                                   

A = ...
  [2 2 2 2 2 2 2 2 2;
   2 2 2 2 2 2 2 2 2;
   2 2 2 2 2 2 2 2 2;
   2 2 2 2 2 2 2 2 2;
   2 2 2 2 2 2 2 2 2;
   2 2 2 2 2 2 2 2 2;
   2 2 2 2 2 2 2 2 2;
   2 2 2 2 2 2 2 2 2;
   2 2 2 2 2 2 2 2 2];

B = ...
  [1 0 0 0 0 0 0 0 0;
   0 2 0 0 0 0 0 0 0;
   0 0 3 0 0 0 0 0 0;
   0 0 0 4 0 0 0 0 0;
   0 0 0 0 5 0 0 0 0;
   0 0 0 0 0 4 0 0 0;
   0 0 0 0 0 0 3 0 0;
   0 0 0 0 0 0 0 2 0;
   0 0 0 0 0 0 0 0 1];

C = ...
  [1 11 21 31 41 51 61 71 81 91;
   2 12 22 32 42 52 62 72 82 92;
   3 13 23 33 43 53 63 73 83 93;
   4 14 24 34 44 54 64 74 84 94;
   5 15 25 35 45 55 65 75 85 95;
   6 16 26 36 46 56 66 76 86 96;
   7 17 27 37 47 57 67 77 87 97;
   8 18 28 38 48 58 68 78 88 98;
   9 19 29 39 49 59 69 79 89 99;
   10 20 30 40 50 60 70 80 90 100];

F = [1 2 3 4 5 4 3 2 1];

X = [1 2 3 4 5 6 7 8 9 10 11 12 13 14 15 16 17 18 19 20 21 22 23 24 25 ...
     26 27 28 29 30 31 32 33 34 35 36 37 38 39 40 41 42 43 44 45 46 47 ...
     48 49 50 51 52 53 54 55 56 57 58 59 60 61 62 63 64 65 66 67 68 69 ...
     70 71 72 73 74 75 76 77 78 79 80 81 82 83 84 85 86 87 88 89 90 91 ...
     92 93 94 95 96 97 98 99 100];

a = [3.14 15 9 26];

b = [2.71; 7; 2.1; 71];

c = [5; 4.8; 4.6; 4.4; 4.2; 4; 3.8; 3.5999999999999996; 3.4; 3.2; 3; 2.8; ...
     2.5999999999999996; 2.4; 2.1999999999999997; 2; 1.7999999999999998; ...
     1.5999999999999996; 1.4; 1.1999999999999997; 1; 0.79999999999999982; ...
     0.59999999999999964; 0.39999999999999947; 0.19999999999999929; 0; ...
     -0.19999999999999929; -0.39999999999999947; -0.59999999999999964; ...
     -0.79999999999999982; -1; -1.1999999999999997; -1.4; -1.5999999999999996; ...
     -1.7999999999999998; -2; -2.1999999999999997; -2.4; -2.5999999999999996; ...
     -2.8; -3; -3.2; -3.4; -3.5999999999999996; -3.8; -4; -4.2; -4.4; -4.6; ...
     -4.8; -5];

r = ...
  [2 -3 -2 -3 1;
   3 -2 3 -1 -3;
   -3 0 3 3 2;
   3 3 0 2 3;
   1 3 2 3 1];

