% -------------------------------------------------------------------
%  Generated by MATLAB on 21-Sep-2016 17:43:32
%  MATLAB version: 8.5.0.197613 (R2015a)
% -------------------------------------------------------------------
                                   

A = ...
  [1 2 3;
   2 2 2;
   -1 2 1];

B = ...
  [1 0 0;
   1 1 0;
   1 1 1];

C = ...
  [1 1;
   2 1;
   1 2];

ans = ...
  [8 9;
   8 8;
   4 3];

c = [5; 4.8; 4.6; 4.4; 4.2; 4; 3.8; 3.5999999999999996; 3.4; 3.2; 3; 2.8; ...
     2.5999999999999996; 2.4; 2.1999999999999997; 2; 1.7999999999999998; ...
     1.5999999999999996; 1.3999999999999997; 1.1999999999999997; 0.99999999999999978; ...
     0.79999999999999982; 0.59999999999999964; 0.39999999999999969; 0.19999999999999973; ...
     -3.3306690738754696E-16; -0.20000000000000034; -0.40000000000000036; ...
     ];

c1 = [5; 4.8; 4.6; 4.4; 4.2; 4; 3.8; 3.5999999999999996; 3.4; 3.2; 3; 2.8; ...
      2.5999999999999996; 2.4; 2.1999999999999997; 2; 1.7999999999999998; ...
      1.5999999999999996; 1.3999999999999997; 1.1999999999999997; 0.99999999999999978; ...
      0.79999999999999982; 0.59999999999999964; 0.39999999999999969; 0.19999999999999973; ...
      -3.3306690738754696E-16; -0.20000000000000034; -0.40000000000000036; ...
      ];

z = complex([-0.69897000433601875; -0.68124123737558717; -0.662757831681574; -0.64345267648618742; ...
             -0.62324929039790045; -0.6020599913279624; -0.57978359661681012; ...
             -0.55630250076728727; -0.53147891704225514; -0.505149978319906; ...
             -0.47712125471966249; -0.44715803134221921; -0.41497334797081786; ...
             -0.38021124171160603; -0.34242268082220617; -0.3010299956639812; ...
             -0.255272505103306; -0.20411998265592468; -0.14612803567823793; ...
             -0.079181246047624748; 9.64327466553287E-17; 0.096910013008056489; ...
             0.22184874961635662; 0.39794000867203794; 0.69897000433601941; ...
             15.47746851547134; 0.69897000433601808; 0.39794000867203722; ...
             ],[0; 0; 0; 0; 0; 0; 0; 0; 0; 0; 0; 0; 0; 0; 0; 0; 0; 0; 0; 0; 0; 0; 0; 0; 0; 1.3643763538418412; 1.3643763538418412; 1.3643763538418412]);

